 Ayush Density
 one el transition density
   2.00000000000000       0.000000000000000E+000  0.000000000000000E+000
  0.000000000000000E+000   1.00000000000000       0.000000000000000E+000
  0.000000000000000E+000  0.000000000000000E+000  0.000000000000000E+000
  0.000000000000000E+000   1.41421356237310       0.000000000000000E+000
  0.000000000000000E+000  0.000000000000000E+000   1.41421356237310     
  0.000000000000000E+000  0.000000000000000E+000  0.000000000000000E+000
  0.000000000000000E+000  0.000000000000000E+000  0.000000000000000E+000
   1.41421356237310       0.000000000000000E+000  0.000000000000000E+000
  0.000000000000000E+000   1.41421356237310       0.000000000000000E+000
  0.000000000000000E+000  0.000000000000000E+000  0.000000000000000E+000
  0.000000000000000E+000   1.00000000000000       0.000000000000000E+000
  0.000000000000000E+000  0.000000000000000E+000   2.00000000000000     
 coeff0
 -0.996964135544009      -2.938618516951239E-003  7.780666398322431E-002
 denisty matrix
   1.98788361060082       3.819866019938533E-003  3.819866019938534E-003
  1.211638939918492E-002
