  0.000000000000000E+000  1.347193808891792E-005  1.345289634647645E-006
  1.583141373183262E-007  0.000000000000000E+000  0.000000000000000E+000
  0.000000000000000E+000  0.000000000000000E+000  2.253515541325408E-006
  2.351479240814054E-006  0.000000000000000E+000 -1.143072437107555E-018
  0.000000000000000E+000  0.000000000000000E+000  5.477275756348790E-007
  0.000000000000000E+000 -4.246628327189551E-004 -6.292031971325954E-005
  1.229262228750685E-004  0.000000000000000E+000  0.000000000000000E+000
  0.000000000000000E+000  0.000000000000000E+000 -1.626435693322667E-004
  6.223321182295804E-005  0.000000000000000E+000  2.303365733284827E-017
  0.000000000000000E+000  0.000000000000000E+000  2.041042663035344E-005
  0.000000000000000E+000  0.000000000000000E+000  0.000000000000000E+000
  0.000000000000000E+000 -4.534961226104081E-004  0.000000000000000E+000
 -1.318117362437766E-004  0.000000000000000E+000  0.000000000000000E+000
  0.000000000000000E+000  0.000000000000000E+000  0.000000000000000E+000
 -1.247729988296442E-006  0.000000000000000E+000  0.000000000000000E+000
  0.000000000000000E+000  0.000000000000000E+000  0.000000000000000E+000
  0.000000000000000E+000  0.000000000000000E+000 -4.534961226116089E-004
  0.000000000000000E+000 -1.318117362435990E-004  0.000000000000000E+000
  0.000000000000000E+000  0.000000000000000E+000  0.000000000000000E+000
  0.000000000000000E+000 -1.247729988129761E-006  0.000000000000000E+000
  0.000000000000000E+000  0.000000000000000E+000  2.296891623011254E-004
 -3.097449891495134E-003  0.000000000000000E+000  0.000000000000000E+000
  0.000000000000000E+000  0.000000000000000E+000 -1.180294279945541E-003
  2.618029784841810E-003  0.000000000000000E+000  1.850345084563913E-017
  0.000000000000000E+000  0.000000000000000E+000 -2.700290950256831E-004
  0.000000000000000E+000  0.000000000000000E+000  0.000000000000000E+000
  0.000000000000000E+000  0.000000000000000E+000  0.000000000000000E+000
  0.000000000000000E+000  0.000000000000000E+000  0.000000000000000E+000
  0.000000000000000E+000  0.000000000000000E+000  0.000000000000000E+000
  0.000000000000000E+000  0.000000000000000E+000  0.000000000000000E+000
 -7.956400194017873E-006 -5.912076790212035E-007 -2.986818178206200E-007
 -8.205076256099127E-007  0.000000000000000E+000  0.000000000000000E+000
  0.000000000000000E+000  0.000000000000000E+000 -6.783386069295697E-007
 -6.023113389792620E-007  0.000000000000000E+000 -3.355137336923652E-021
  0.000000000000000E+000  0.000000000000000E+000 -1.849960335531170E-006
 -4.076885295994207E-004 -5.002997744026097E-006 -1.768994675600589E-005
 -1.944717858934846E-005  0.000000000000000E+000  0.000000000000000E+000
  0.000000000000000E+000  0.000000000000000E+000 -2.346369235923032E-005
 -2.102812236686956E-005  0.000000000000000E+000  6.906325628366657E-020
  0.000000000000000E+000  0.000000000000000E+000 -1.823776855925972E-005
  0.000000000000000E+000  0.000000000000000E+000  0.000000000000000E+000
  0.000000000000000E+000 -7.136469231551485E-006  0.000000000000000E+000
  4.005695536586179E-005  0.000000000000000E+000  0.000000000000000E+000
  0.000000000000000E+000  0.000000000000000E+000  0.000000000000000E+000
  1.215066985479782E-005  0.000000000000000E+000  0.000000000000000E+000
  0.000000000000000E+000  0.000000000000000E+000  0.000000000000000E+000
  0.000000000000000E+000  0.000000000000000E+000 -7.136469231555222E-006
  0.000000000000000E+000  4.005695536586230E-005  0.000000000000000E+000
  0.000000000000000E+000  0.000000000000000E+000  0.000000000000000E+000
  0.000000000000000E+000  1.215066985479835E-005  0.000000000000000E+000
  0.000000000000000E+000  0.000000000000000E+000 -5.549168888776719E-005
 -1.140596054752411E-004  0.000000000000000E+000  0.000000000000000E+000
  0.000000000000000E+000  0.000000000000000E+000 -2.915122788379660E-005
 -8.620887180125358E-006  0.000000000000000E+000  4.199918663445652E-020
  0.000000000000000E+000  0.000000000000000E+000 -2.085907228631887E-005
  0.000000000000000E+000  0.000000000000000E+000 -9.652387028042584E-004
  2.149287504878626E-004  0.000000000000000E+000  0.000000000000000E+000
  0.000000000000000E+000  0.000000000000000E+000  1.847850297400741E-004
 -5.514982767250248E-004  0.000000000000000E+000  4.975495358969105E-020
  0.000000000000000E+000  0.000000000000000E+000  3.221122707664369E-004
  1.989865317242687E-004  0.000000000000000E+000 -1.450582524643114E-006
  3.932220746809740E-005  0.000000000000000E+000  0.000000000000000E+000
  0.000000000000000E+000  0.000000000000000E+000 -5.093763596167650E-005
  1.175011752719311E-005  0.000000000000000E+000  9.043371670216153E-020
  0.000000000000000E+000  0.000000000000000E+000 -2.637277106037277E-006
  5.850320238919088E-003  0.000000000000000E+000  1.897312167492472E-004
  2.554410365523495E-004  0.000000000000000E+000  0.000000000000000E+000
  0.000000000000000E+000  0.000000000000000E+000  9.084777559514400E-005
  3.839948325868769E-004  0.000000000000000E+000 -1.816294633820811E-018
  0.000000000000000E+000  0.000000000000000E+000  3.152548396883495E-005
  0.000000000000000E+000  0.000000000000000E+000  0.000000000000000E+000
  0.000000000000000E+000 -1.080353803167142E-004  0.000000000000000E+000
 -5.132687831519031E-004  0.000000000000000E+000  0.000000000000000E+000
  0.000000000000000E+000  0.000000000000000E+000  0.000000000000000E+000
  6.103972078015621E-006  0.000000000000000E+000  0.000000000000000E+000
  0.000000000000000E+000  0.000000000000000E+000  0.000000000000000E+000
  0.000000000000000E+000  0.000000000000000E+000 -1.080353803166186E-004
  0.000000000000000E+000 -5.132687831519184E-004  0.000000000000000E+000
  0.000000000000000E+000  0.000000000000000E+000  0.000000000000000E+000
  0.000000000000000E+000  6.103972078002883E-006  0.000000000000000E+000
  0.000000000000000E+000  0.000000000000000E+000  0.000000000000000E+000
  0.000000000000000E+000  0.000000000000000E+000  0.000000000000000E+000
  0.000000000000000E+000  0.000000000000000E+000  0.000000000000000E+000
  0.000000000000000E+000  0.000000000000000E+000  0.000000000000000E+000
  0.000000000000000E+000  0.000000000000000E+000  0.000000000000000E+000
  0.000000000000000E+000  0.000000000000000E+000  7.997209893947274E-003
 -2.627456181839949E-003  0.000000000000000E+000  0.000000000000000E+000
  0.000000000000000E+000  0.000000000000000E+000 -1.997439967410889E-003
  7.162149433581993E-003  0.000000000000000E+000 -5.166595979709862E-019
  0.000000000000000E+000  0.000000000000000E+000 -4.986828493376123E-003
