
gamma3:
0 0 0 0 0 1 0.0398498711549
0 0 0 0 0 4 0.00441065002231
0 0 0 0 1 4 -0.000785117101006
0 0 0 0 4 1 -0.00105899178902
0 0 0 0 4 4 0.000818883260814
0 0 0 1 0 4 -0.000785117101006
0 0 0 4 0 1 -0.00105899178902
0 0 0 4 0 4 0.000818883260814
0 0 1 0 0 1 0.975058194367
0 0 1 0 0 4 -0.0247990128331
0 0 1 0 1 0 -0.954242726172
0 0 1 0 1 1 0.000888678292965
0 0 1 0 1 4 -0.00267117830732
0 0 1 0 4 0 0.000820216920411
0 0 1 0 4 1 0.000855623742324
0 0 1 0 4 4 -0.000257776055927
0 0 1 1 0 0 -0.954242726172
0 0 1 1 0 1 0.000888678292965
0 0 1 1 0 4 -0.00267117830732
0 0 1 1 1 0 -0.00178268178996
0 0 1 1 1 4 -0.00056362314751
0 0 1 1 4 0 -0.00195403000625
0 0 1 1 4 1 0.000283237543147
0 0 1 1 4 4 0.00374777000422
0 0 1 4 0 0 0.000820216920411
0 0 1 4 0 1 0.000855623742324
0 0 1 4 0 4 -0.000257776055927
0 0 1 4 1 0 -0.0019540300063
0 0 1 4 1 1 0.000283237543169
0 0 1 4 1 4 0.00374777000425
0 0 1 4 4 0 0.00175541141747
0 0 1 4 4 1 -0.00308661726446
0 0 2 0 0 2 0.975058602354
0 0 2 0 1 2 0.000890629808018
0 0 2 0 2 0 -0.975058602354
0 0 2 0 2 1 -0.000890629808017
0 0 2 0 2 4 -0.000855300853677
0 0 2 0 4 2 0.000855300853677
0 0 2 1 0 2 0.000890629808018
0 0 2 1 2 0 -0.000890629808017
0 0 2 1 2 4 -0.000282239244473
0 0 2 1 4 2 0.000282239244462
0 0 2 2 0 0 -0.975058602354
0 0 2 2 0 1 -0.000890629808017
0 0 2 2 0 4 -0.000855300853677
0 0 2 2 1 0 -0.000890629808017
0 0 2 2 1 4 -0.000282239244473
0 0 2 2 4 0 -0.000855300853677
0 0 2 2 4 1 -0.000282239244462
0 0 2 2 4 4 0.00308661726446
0 0 2 4 0 2 0.000855300853677
0 0 2 4 1 2 0.000282239244473
0 0 2 4 2 0 -0.000855300853677
0 0 2 4 2 1 -0.000282239244462
0 0 2 4 2 4 0.00308661726446
0 0 2 4 4 2 -0.00308661726446
0 0 3 0 0 3 0.975058602353
0 0 3 0 1 3 0.000890629808015
0 0 3 0 3 0 -0.975058602354
0 0 3 0 3 1 -0.000890629808017
0 0 3 0 3 4 -0.000855300853677
0 0 3 0 4 3 0.000855300853678
0 0 3 1 0 3 0.000890629808015
0 0 3 1 3 0 -0.000890629808017
0 0 3 1 3 4 -0.000282239244473
0 0 3 1 4 3 0.000282239244462
0 0 3 3 0 0 -0.975058602354
0 0 3 3 0 1 -0.000890629808017
0 0 3 3 0 4 -0.000855300853677
0 0 3 3 1 0 -0.000890629808017
0 0 3 3 1 4 -0.000282239244473
0 0 3 3 4 0 -0.000855300853677
0 0 3 3 4 1 -0.000282239244462
0 0 3 3 4 4 0.00308661726446
0 0 3 4 0 3 0.000855300853678
0 0 3 4 1 3 0.000282239244473
0 0 3 4 3 0 -0.000855300853677
0 0 3 4 3 1 -0.000282239244462
0 0 3 4 3 4 0.00308661726446
0 0 3 4 4 3 -0.00308661726445
0 0 4 0 0 1 -1.60413940461e-05
0 0 4 0 1 0 2.0860877897e-05
0 0 4 0 4 0 -0.934753203378
0 0 4 0 4 1 -0.000547562822502
0 0 4 1 0 0 2.0860877897e-05
0 0 4 1 4 0 -0.00139222258011
0 0 4 4 0 0 -0.934753203378
0 0 4 4 0 1 -0.000547562822502
0 0 4 4 1 0 -0.00139222258013
0 0 4 4 4 0 -0.00136622803401
0 0 4 4 4 1 -0.00188678396848
0 1 0 0 0 1 0.975089050223
0 1 0 0 0 4 -0.000631935194831
0 1 0 0 1 0 0.975058194367
0 1 0 0 1 1 0.0407343888874
0 1 0 0 1 4 0.00526056199689
0 1 0 0 4 0 -0.000630722392824
0 1 0 0 4 1 0.000709664949264
0 1 0 0 4 4 -0.0012906968725
0 1 0 1 0 0 -1.95012241404
0 1 0 1 0 1 -0.0217100562835
0 1 0 1 0 4 -0.00392023118355
0 1 0 1 1 0 0.000888678292965
0 1 0 1 1 4 -0.000501704152213
0 1 0 1 4 0 -0.00301692276154
0 1 0 1 4 1 0.00155464058779
0 1 0 1 4 4 0.00181447500312
0 1 0 4 0 0 0.00127222059808
0 1 0 4 0 1 0.00418294925455
0 1 0 4 0 4 -0.000102901480012
0 1 0 4 1 0 0.000855623742324
0 1 0 4 1 1 -0.000777320293896
0 1 0 4 1 4 -0.00226773400364
0 1 0 4 4 0 0.00049916607414
0 1 0 4 4 1 -0.000877705708721
0 1 1 0 0 1 0.000888678292965
0 1 1 0 0 4 -2.26020811055e-05
0 1 1 0 1 0 -0.000809670784338
0 1 1 0 1 1 1.46259655666
0 1 1 0 1 4 -0.0251217361711
0 1 1 1 0 0 -0.000923495832443
0 1 1 1 0 4 0.0120853353319
0 1 1 1 1 0 -1.92933469083
0 1 1 1 1 4 -0.00352034919257
0 1 1 1 4 0 -0.000997664059473
0 1 1 1 4 4 -0.00152948066975
0 1 1 4 1 0 0.00145462461107
0 1 1 4 1 1 0.00387926117018
0 1 1 4 1 4 -0.000751718628389
0 1 2 0 0 2 0.000890629808018
0 1 2 0 1 2 0.975071351615
0 1 2 0 2 0 -0.000890629808017
0 1 2 0 2 1 0.487521965238
0 1 2 0 2 4 -0.000319984459812
0 1 2 0 4 2 -0.000636874941845
0 1 2 1 0 2 -0.487521965238
0 1 2 1 1 2 0.000890431020743
0 1 2 1 2 0 -0.975071351615
0 1 2 1 2 1 -0.000890431020742
0 1 2 1 2 4 -0.000853947786161
0 1 2 1 4 2 -0.00302428080132
0 1 2 2 0 0 -0.000890629808017
0 1 2 2 0 1 0.487521965238
0 1 2 2 0 4 -0.000319984459812
0 1 2 2 1 0 -0.975071351615
0 1 2 2 1 1 -0.000890431020742
0 1 2 2 1 4 -0.000853947786161
0 1 2 2 4 0 0.000636874941845
0 1 2 2 4 1 0.00302428080132
0 1 2 2 4 4 -0.000496352898704
0 1 2 4 0 2 0.000319984459812
0 1 2 4 1 2 0.000853947786161
0 1 2 4 2 0 0.000636874941845
0 1 2 4 2 1 0.00302428080132
0 1 2 4 2 4 -0.000496352898704
0 1 2 4 4 2 0.000496352898704
0 1 3 0 0 3 0.000890629808015
0 1 3 0 1 3 0.975071351614
0 1 3 0 3 0 -0.000890629808017
0 1 3 0 3 1 0.487521965238
0 1 3 0 3 4 -0.000319984459812
0 1 3 0 4 3 -0.000636874941845
0 1 3 1 0 3 -0.487521965238
0 1 3 1 1 3 0.00089043102074
0 1 3 1 3 0 -0.975071351615
0 1 3 1 3 1 -0.000890431020742
0 1 3 1 3 4 -0.000853947786161
0 1 3 1 4 3 -0.00302428080132
0 1 3 3 0 0 -0.000890629808017
0 1 3 3 0 1 0.487521965238
0 1 3 3 0 4 -0.000319984459812
0 1 3 3 1 0 -0.975071351615
0 1 3 3 1 1 -0.000890431020742
0 1 3 3 1 4 -0.000853947786161
0 1 3 3 4 0 0.000636874941845
0 1 3 3 4 1 0.00302428080132
0 1 3 3 4 4 -0.000496352898704
0 1 3 4 0 3 0.000319984459811
0 1 3 4 1 3 0.000853947786162
0 1 3 4 3 0 0.000636874941845
0 1 3 4 3 1 0.00302428080132
0 1 3 4 3 4 -0.000496352898704
0 1 3 4 4 3 0.000496352898704
0 1 4 0 0 1 -7.67305035863e-05
0 1 4 0 1 0 7.81968293022e-05
0 1 4 0 4 0 -0.00087770403208
0 1 4 0 4 1 0.512318079372
0 1 4 0 4 4 -0.000959072289364
0 1 4 1 0 0 0.000121370073884
0 1 4 1 4 0 -1.00731931349
0 1 4 1 4 1 0.000483520486223
0 1 4 1 4 4 -0.0038850703359
0 1 4 4 0 0 -0.000832540806511
0 1 4 4 0 1 0.475117559666
0 1 4 4 1 0 -0.934767222835
0 1 4 4 1 1 -0.000547643720525
0 1 4 4 4 0 0.00167082263136
0 1 4 4 4 1 0.0074087898221
0 2 0 0 0 2 0.975070650762
0 2 0 0 1 2 0.000446981341059
0 2 0 0 2 0 0.975058602354
0 2 0 0 2 1 0.0407314592271
0 2 0 0 2 4 0.00526282898561
0 2 0 0 4 2 0.000426554303081
0 2 0 1 0 2 0.000446981341059
0 2 0 1 2 0 0.000890629808018
0 2 0 1 2 4 -0.000502877856534
0 2 0 2 0 0 -1.95013527733
0 2 0 2 0 1 -0.0217066736363
0 2 0 2 0 4 -0.00391107740199
0 2 0 2 1 0 -0.000445314904008
0 2 0 2 1 4 0.000251438928266
0 2 0 2 4 0 -0.000427650426838
0 2 0 2 4 1 0.000388376272279
0 2 0 2 4 4 0.00113386700182
0 2 0 4 0 2 0.000426554303081
0 2 0 4 2 0 0.000855300853677
0 2 0 4 2 1 -0.000776752544558
0 2 0 4 2 4 -0.00226773400364
0 2 1 0 1 2 0.487535325381
0 2 1 0 2 0 4.30173409769e-05
0 2 1 0 2 1 0.975071351615
0 2 1 0 2 4 -0.0247984404749
0 2 1 1 0 2 0.487535325381
0 2 1 1 1 2 0.000893962682119
0 2 1 1 2 0 -0.954262475913
0 2 1 1 2 1 0.000890431020743
0 2 1 1 2 4 -0.00266489472093
0 2 1 1 4 2 0.000426554303081
0 2 1 2 0 0 -2.15086704885e-05
0 2 1 2 0 1 -0.487535675798
0 2 1 2 0 4 0.0123992202372
0 2 1 2 1 0 -0.985474738215
0 2 1 2 1 1 -0.00178615953355
0 2 1 2 1 4 5.27844512171e-05
0 2 1 2 4 0 -0.000409876745368
0 2 1 2 4 1 -0.00042697389308
0 2 1 2 4 4 0.000128285446403
0 2 1 4 1 2 0.000426554303081
0 2 1 4 2 0 0.000819753490736
0 2 1 4 2 1 0.000853947786161
0 2 1 4 2 4 -0.000256570892806
0 2 2 0 2 2 2.43767662694
0 2 2 1 2 2 0.0022349067053
0 2 2 2 0 2 -0.4875353254
0 2 2 2 1 2 -0.000446981341061
0 2 2 2 2 0 -1.95014130156
0 2 2 2 2 1 -0.00178792536424
0 2 2 2 2 4 -0.00170621721233
0 2 2 2 4 2 -0.000426554303081
0 2 2 4 2 2 0.00213277151541
0 2 3 0 3 2 0.487535325381
0 2 3 1 3 2 0.000446981341059
0 2 3 2 3 0 -0.975070650781
0 2 3 2 3 1 -0.00089396268212
0 2 3 2 3 4 -0.000853108606163
0 2 3 3 0 2 0.487535325381
0 2 3 3 1 2 0.000446981341059
0 2 3 3 2 0 -0.975070650781
0 2 3 3 2 1 -0.00089396268212
0 2 3 3 2 4 -0.000853108606163
0 2 3 3 4 2 0.000426554303081
0 2 3 4 3 2 0.000426554303081
0 2 4 0 2 0 7.86030585398e-05
0 2 4 0 2 1 -1.98292998246e-05
0 2 4 0 2 4 1.13475928623e-05
0 2 4 0 4 2 0.487535325381
0 2 4 1 2 0 1.7579940384e-05
0 2 4 1 4 2 0.000446981341059
0 2 4 2 0 0 -3.93015292699e-05
0 2 4 2 4 0 -0.995223044106
0 2 4 2 4 1 -0.00106491600645
0 2 4 2 4 4 -0.00127814719549
0 2 4 4 0 2 0.487535325381
0 2 4 4 1 2 0.000446981341059
0 2 4 4 2 0 -0.934765864131
0 2 4 4 2 1 -0.000552056033464
0 2 4 4 4 2 0.000853108606163
0 3 0 0 0 3 0.975070650761
0 3 0 0 1 3 0.000446981341058
0 3 0 0 3 0 0.975058602353
0 3 0 0 3 1 0.040731459227
0 3 0 0 3 4 0.00526282898563
0 3 0 0 4 3 0.000426554303082
0 3 0 1 0 3 0.000446981341058
0 3 0 1 3 0 0.000890629808015
0 3 0 1 3 4 -0.000502877856533
0 3 0 3 0 0 -1.95013527733
0 3 0 3 0 1 -0.0217066736363
0 3 0 3 0 4 -0.003911077402
0 3 0 3 1 0 -0.000445314904007
0 3 0 3 1 4 0.000251438928266
0 3 0 3 4 0 -0.000427650426839
0 3 0 3 4 1 0.000388376272279
0 3 0 3 4 4 0.00113386700182
0 3 0 4 0 3 0.000426554303082
0 3 0 4 3 0 0.000855300853678
0 3 0 4 3 1 -0.000776752544558
0 3 0 4 3 4 -0.00226773400364
0 3 1 0 1 3 0.487535325381
0 3 1 0 3 0 4.30173409768e-05
0 3 1 0 3 1 0.975071351614
0 3 1 0 3 4 -0.0247984404749
0 3 1 1 0 3 0.487535325381
0 3 1 1 1 3 0.000893962682116
0 3 1 1 3 0 -0.954262475913
0 3 1 1 3 1 0.00089043102074
0 3 1 1 3 4 -0.00266489472092
0 3 1 1 4 3 0.000426554303082
0 3 1 3 0 0 -2.15086704884e-05
0 3 1 3 0 1 -0.487535675798
0 3 1 3 0 4 0.0123992202372
0 3 1 3 1 0 -0.985474738214
0 3 1 3 1 1 -0.00178615953354
0 3 1 3 1 4 5.27844512145e-05
0 3 1 3 4 0 -0.000409876745368
0 3 1 3 4 1 -0.000426973893081
0 3 1 3 4 4 0.000128285446403
0 3 1 4 1 3 0.000426554303082
0 3 1 4 3 0 0.000819753490736
0 3 1 4 3 1 0.000853947786162
0 3 1 4 3 4 -0.000256570892806
0 3 2 0 2 3 0.487535325381
0 3 2 1 2 3 0.000446981341058
0 3 2 2 0 3 0.487535325381
0 3 2 2 1 3 0.000446981341058
0 3 2 2 3 0 -0.97507065078
0 3 2 2 3 1 -0.000893962682117
0 3 2 2 3 4 -0.000853108606164
0 3 2 2 4 3 0.000426554303082
0 3 2 3 2 0 -0.97507065078
0 3 2 3 2 1 -0.000893962682117
0 3 2 3 2 4 -0.000853108606164
0 3 2 4 2 3 0.000426554303082
0 3 3 0 3 3 2.43767662694
0 3 3 1 3 3 0.00223490670529
0 3 3 3 0 3 -0.4875353254
0 3 3 3 1 3 -0.000446981341059
0 3 3 3 3 0 -1.95014130156
0 3 3 3 3 1 -0.00178792536423
0 3 3 3 3 4 -0.00170621721233
0 3 3 3 4 3 -0.000426554303082
0 3 3 4 3 3 0.00213277151541
0 3 4 0 3 0 7.86030585399e-05
0 3 4 0 3 1 -1.98292998246e-05
0 3 4 0 3 4 1.13475928623e-05
0 3 4 0 4 3 0.487535325381
0 3 4 1 3 0 1.7579940384e-05
0 3 4 1 4 3 0.000446981341058
0 3 4 3 0 0 -3.93015292699e-05
0 3 4 3 4 0 -0.995223044105
0 3 4 3 4 1 -0.00106491600644
0 3 4 3 4 4 -0.00127814719549
0 3 4 4 0 3 0.487535325381
0 3 4 4 1 3 0.000446981341058
0 3 4 4 3 0 -0.93476586413
0 3 4 4 3 1 -0.000552056033462
0 3 4 4 4 3 0.000853108606164
0 4 0 0 0 1 -0.000604626134074
0 4 0 0 0 4 2.32265063576e-05
0 4 0 0 1 0 -0.000630722392824
0 4 0 0 1 1 -2.52676627682e-05
0 4 0 0 4 1 -1.19713961505e-05
0 4 0 1 0 0 0.00127222059808
0 4 0 1 0 1 1.51249108288e-05
0 4 0 4 0 0 -2.06824287399e-05
0 4 1 0 0 1 0.000855623742324
0 4 1 0 0 4 -2.17613925904e-05
0 4 1 0 1 0 -0.000948416247384
0 4 1 0 1 1 -0.000960799062969
0 4 1 0 1 4 3.19048243659e-05
0 4 1 1 0 0 -0.000727334614897
0 4 1 1 1 0 0.00126141122884
0 4 1 1 4 0 -1.88864382633e-05
0 4 1 4 1 1 -1.15094272368e-05
0 4 2 0 0 2 0.000855300853677
0 4 2 0 1 2 -0.000636874941845
0 4 2 0 2 0 -0.000855300853677
0 4 2 0 2 1 -0.000319984459812
0 4 2 0 4 2 1.13475928623e-05
0 4 2 1 0 2 0.000319984459812
0 4 2 1 2 0 0.000636874941845
0 4 2 2 0 0 -0.000855300853677
0 4 2 2 0 1 -0.000319984459812
0 4 2 2 1 0 0.000636874941845
0 4 2 2 4 0 -1.13475928623e-05
0 4 2 4 2 0 -1.13475928623e-05
0 4 3 0 0 3 0.000855300853678
0 4 3 0 1 3 -0.000636874941845
0 4 3 0 3 0 -0.000855300853677
0 4 3 0 3 1 -0.000319984459812
0 4 3 0 4 3 1.13475928623e-05
0 4 3 1 0 3 0.000319984459811
0 4 3 1 3 0 0.000636874941845
0 4 3 3 0 0 -0.000855300853677
0 4 3 3 0 1 -0.000319984459812
0 4 3 3 1 0 0.000636874941845
0 4 3 3 4 0 -1.13475928623e-05
0 4 3 4 3 0 -1.13475928623e-05
0 4 4 0 0 1 1.26954739214e-05
0 4 4 0 4 0 -0.0007762915659
0 4 4 0 4 1 -0.000338419829795
0 4 4 0 4 4 2.15006163641e-05
0 4 4 1 0 0 -4.1267723298e-05
0 4 4 1 4 0 0.000654278585413
0 4 4 1 4 4 1.34140799111e-05
0 4 4 4 0 0 -0.000863166645254
0 4 4 4 0 1 -0.000307572221727
0 4 4 4 1 0 0.000613203416748
0 4 4 4 4 0 -2.26496401561e-05
0 4 4 4 4 1 -1.5770059378e-05
1 0 0 0 0 1 -1.95009758348
1 0 0 0 0 4 0.00128178360848
1 0 0 0 1 0 -0.487529097184
1 0 0 0 1 1 -0.0217100562835
1 0 0 0 1 4 -4.20025960713e-05
1 0 0 0 4 0 0.000315361196412
1 0 0 0 4 1 0.000304720667027
1 0 0 0 4 4 -0.000102901480026
1 0 0 1 0 0 2.43765151122
1 0 0 1 0 1 0.0407343888874
1 0 0 1 0 4 0.00913879058437
1 0 0 1 1 0 0.000888678292965
1 0 0 1 1 4 -0.000501704152213
1 0 0 1 4 0 0.000855623742324
1 0 0 1 4 1 -0.000777320293896
1 0 0 1 4 4 -0.00226773400364
1 0 0 4 0 0 -0.00158758179447
1 0 0 4 0 1 -0.00316856363821
1 0 0 4 0 4 -0.0012906968725
1 0 0 4 1 0 -0.00301692276154
1 0 0 4 1 1 0.00155464058779
1 0 0 4 1 4 0.00181447500312
1 0 0 4 4 0 0.00049916607414
1 0 0 4 4 1 -0.00087770570872
1 0 1 0 0 1 0.000888678292965
1 0 1 0 0 4 -2.26020811055e-05
1 0 1 0 1 0 -0.000923495832443
1 0 1 0 1 1 -1.46259493675
1 0 1 0 1 4 0.0130421947336
1 0 1 1 0 0 -0.000809670784338
1 0 1 1 0 4 -0.0241648767694
1 0 1 1 1 0 0.995851942874
1 0 1 1 1 4 0.00423610798238
1 0 1 1 4 0 0.000497765209421
1 0 1 1 4 4 -0.000751718628389
1 0 1 4 1 0 -0.00195452346112
1 0 1 4 1 1 -0.00387874487883
1 0 1 4 1 4 -0.00152948066975
1 0 2 0 0 2 0.000890629808018
1 0 2 0 1 2 -0.487521965238
1 0 2 0 2 0 -0.000890629808017
1 0 2 0 2 1 -0.975071351615
1 0 2 0 2 4 0.000636874941845
1 0 2 0 4 2 0.0003199844598
1 0 2 1 0 2 0.975071351615
1 0 2 1 1 2 0.000890431020743
1 0 2 1 2 0 0.487521965238
1 0 2 1 2 1 -0.000890431020742
1 0 2 1 2 4 0.00302428080132
1 0 2 1 4 2 0.000853947786161
1 0 2 2 0 0 -0.000890629808017
1 0 2 2 0 1 -0.975071351615
1 0 2 2 0 4 0.000636874941845
1 0 2 2 1 0 0.487521965238
1 0 2 2 1 1 -0.000890431020742
1 0 2 2 1 4 0.00302428080132
1 0 2 2 4 0 -0.0003199844598
1 0 2 2 4 1 -0.000853947786161
1 0 2 2 4 4 -0.000496352898703
1 0 2 4 0 2 -0.000636874941845
1 0 2 4 1 2 -0.00302428080132
1 0 2 4 2 0 -0.0003199844598
1 0 2 4 2 1 -0.000853947786161
1 0 2 4 2 4 -0.000496352898703
1 0 2 4 4 2 0.000496352898703
1 0 3 0 0 3 0.000890629808015
1 0 3 0 1 3 -0.487521965238
1 0 3 0 3 0 -0.000890629808017
1 0 3 0 3 1 -0.975071351615
1 0 3 0 3 4 0.000636874941845
1 0 3 0 4 3 0.000319984459799
1 0 3 1 0 3 0.975071351614
1 0 3 1 1 3 0.00089043102074
1 0 3 1 3 0 0.487521965238
1 0 3 1 3 1 -0.000890431020742
1 0 3 1 3 4 0.00302428080132
1 0 3 1 4 3 0.000853947786162
1 0 3 3 0 0 -0.000890629808017
1 0 3 3 0 1 -0.975071351615
1 0 3 3 0 4 0.000636874941845
1 0 3 3 1 0 0.487521965238
1 0 3 3 1 1 -0.000890431020742
1 0 3 3 1 4 0.00302428080132
1 0 3 3 4 0 -0.0003199844598
1 0 3 3 4 1 -0.000853947786161
1 0 3 3 4 4 -0.000496352898703
1 0 3 4 0 3 -0.000636874941845
1 0 3 4 1 3 -0.00302428080132
1 0 3 4 3 0 -0.0003199844598
1 0 3 4 3 1 -0.000853947786161
1 0 3 4 3 4 -0.000496352898703
1 0 3 4 4 3 0.000496352898703
1 0 4 0 0 1 -7.67305035863e-05
1 0 4 0 1 0 0.000121370073884
1 0 4 0 4 0 -0.000832540806511
1 0 4 0 4 1 -0.987475757186
1 0 4 0 4 4 0.000955983354765
1 0 4 1 0 0 7.81968293022e-05
1 0 4 1 4 0 0.527826094017
1 0 4 1 4 1 -0.000547643720525
1 0 4 1 4 4 0.00387552004861
1 0 4 4 0 0 -0.00087770403208
1 0 4 4 0 1 -0.950275237481
1 0 4 4 1 0 0.455274003363
1 0 4 4 1 1 0.000483520486223
1 0 4 4 4 0 -0.000242896171934
1 0 4 4 4 1 -0.000347667352853
1 1 0 0 0 1 -0.001779514246
1 1 0 0 1 0 0.000888678292965
1 1 0 0 1 1 3.34695848892e-05
1 1 0 1 0 0 0.000888678292965
1 1 0 1 0 1 3.34695848892e-05
1 1 1 0 1 4 -2.11377245154e-05
1 1 1 1 0 4 -2.11377245154e-05
1 1 1 1 1 0 -0.00170625598304
1 1 2 0 1 2 0.000890431020743
1 1 2 0 2 1 -0.000890431020742
1 1 2 1 0 2 0.000890431020743
1 1 2 1 2 0 -0.000890431020742
1 1 2 2 0 1 -0.000890431020742
1 1 2 2 1 0 -0.000890431020742
1 1 3 0 1 3 0.00089043102074
1 1 3 0 3 1 -0.000890431020742
1 1 3 1 0 3 0.00089043102074
1 1 3 1 3 0 -0.000890431020742
1 1 3 3 0 1 -0.000890431020742
1 1 3 3 1 0 -0.000890431020742
1 1 4 0 0 1 -1.44073687256e-05
1 1 4 0 1 0 1.87359252523e-05
1 1 4 0 4 1 -0.000868619885343
1 1 4 1 0 0 1.87359252523e-05
1 1 4 1 4 0 -0.00087564631092
1 1 4 4 0 1 -0.000868619885342
1 1 4 4 1 0 -0.00087564631092
1 1 4 4 4 1 1.46358393103e-05
1 2 0 0 0 2 0.000893962682119
1 2 0 0 1 2 0.243773734494
1 2 0 0 2 0 0.000890629808018
1 2 0 0 2 1 -0.487506030875
1 2 0 0 2 4 0.000329389931942
1 2 0 0 4 2 -0.000161205177185
1 2 0 1 0 2 0.243773734494
1 2 0 1 2 0 0.975071351615
1 2 0 1 2 1 0.0208100048512
1 2 0 1 2 4 0.00305414056414
1 2 0 2 0 0 -0.00178625892719
1 2 0 2 0 1 -0.487568188046
1 2 0 2 0 4 0.000318920565583
1 2 0 2 1 0 -0.487535675808
1 2 0 2 1 1 -0.0104050024256
1 2 0 2 1 4 -0.00152707028207
1 2 0 2 4 0 0.000318437470923
1 2 0 2 4 1 0.00057732697957
1 2 0 2 4 4 0.000198792545959
1 2 0 4 0 2 -0.000161205177185
1 2 0 4 2 0 -0.000636874941845
1 2 0 4 2 1 -0.00115465395914
1 2 0 4 2 4 -0.000397585091918
1 2 1 0 1 2 0.000446981341059
1 2 1 0 2 1 0.000890431020743
1 2 1 0 2 4 -2.20025697618e-05
1 2 1 1 0 2 0.000446981341059
1 2 1 1 1 2 0.487547468989
1 2 1 1 2 0 -0.000817059406325
1 2 1 1 2 4 -0.0120790667266
1 2 1 1 4 2 -0.000161205177185
1 2 1 2 0 1 -0.000445215510371
1 2 1 2 0 4 1.10012848809e-05
1 2 1 2 1 0 -0.000932414320017
1 2 1 2 1 1 -0.731322987936
1 2 1 2 1 4 0.00652314889488
1 2 1 4 1 2 -0.000161205177185
1 2 2 0 2 2 0.0022349067053
1 2 2 1 2 2 1.21886867247
1 2 2 2 0 2 -0.000446981341061
1 2 2 2 1 2 -0.243773734494
1 2 2 2 2 0 -0.00178792536424
1 2 2 2 2 1 -0.975094937978
1 2 2 2 2 4 0.000644820708739
1 2 2 2 4 2 0.000161205177185
1 2 2 4 2 2 -0.000806025885923
1 2 3 0 3 2 0.000446981341059
1 2 3 1 3 2 0.243773734494
1 2 3 2 3 0 -0.00089396268212
1 2 3 2 3 1 -0.487547468989
1 2 3 2 3 4 0.000322410354369
1 2 3 3 0 2 0.000446981341059
1 2 3 3 1 2 0.243773734494
1 2 3 3 2 0 -0.00089396268212
1 2 3 3 2 1 -0.487547468989
1 2 3 3 2 4 0.000322410354369
1 2 3 3 4 2 -0.000161205177185
1 2 3 4 3 2 -0.000161205177185
1 2 4 0 2 0 1.99918942002e-05
1 2 4 0 2 1 -7.32207088226e-05
1 2 4 0 4 2 0.000446981341059
1 2 4 1 2 0 7.70688138925e-05
1 2 4 1 2 4 2.00174572806e-05
1 2 4 1 4 2 0.243773734494
1 2 4 2 0 1 3.66103544113e-05
1 2 4 2 1 0 -3.85344069463e-05
1 2 4 2 1 4 -1.00087286403e-05
1 2 4 2 4 0 -0.000900475587387
1 2 4 2 4 1 -0.493745580794
1 2 4 2 4 4 0.000485170279876
1 2 4 4 0 2 0.000446981341059
1 2 4 4 1 2 0.243773734494
1 2 4 4 2 0 -0.000880936871587
1 2 4 4 2 1 -0.475151245378
1 2 4 4 4 2 -0.000322410354369
1 3 0 0 0 3 0.000893962682116
1 3 0 0 1 3 0.243773734494
1 3 0 0 3 0 0.000890629808015
1 3 0 0 3 1 -0.487506030874
1 3 0 0 3 4 0.000329389931942
1 3 0 0 4 3 -0.000161205177185
1 3 0 1 0 3 0.243773734494
1 3 0 1 3 0 0.975071351614
1 3 0 1 3 1 0.0208100048512
1 3 0 1 3 4 0.00305414056415
1 3 0 3 0 0 -0.00178625892718
1 3 0 3 0 1 -0.487568188046
1 3 0 3 0 4 0.000318920565583
1 3 0 3 1 0 -0.487535675807
1 3 0 3 1 1 -0.0104050024256
1 3 0 3 1 4 -0.00152707028208
1 3 0 3 4 0 0.000318437470922
1 3 0 3 4 1 0.00057732697957
1 3 0 3 4 4 0.000198792545959
1 3 0 4 0 3 -0.000161205177185
1 3 0 4 3 0 -0.000636874941845
1 3 0 4 3 1 -0.00115465395914
1 3 0 4 3 4 -0.000397585091918
1 3 1 0 1 3 0.000446981341058
1 3 1 0 3 1 0.00089043102074
1 3 1 0 3 4 -2.20025697617e-05
1 3 1 1 0 3 0.000446981341058
1 3 1 1 1 3 0.487547468989
1 3 1 1 3 0 -0.000817059406323
1 3 1 1 3 4 -0.0120790667266
1 3 1 1 4 3 -0.000161205177185
1 3 1 3 0 1 -0.00044521551037
1 3 1 3 0 4 1.10012848808e-05
1 3 1 3 1 0 -0.000932414320014
1 3 1 3 1 1 -0.731322987935
1 3 1 3 1 4 0.00652314889487
1 3 1 4 1 3 -0.000161205177185
1 3 2 0 2 3 0.000446981341058
1 3 2 1 2 3 0.243773734494
1 3 2 2 0 3 0.000446981341058
1 3 2 2 1 3 0.243773734494
1 3 2 2 3 0 -0.000893962682117
1 3 2 2 3 1 -0.487547468989
1 3 2 2 3 4 0.000322410354369
1 3 2 2 4 3 -0.000161205177185
1 3 2 3 2 0 -0.000893962682117
1 3 2 3 2 1 -0.487547468989
1 3 2 3 2 4 0.000322410354369
1 3 2 4 2 3 -0.000161205177185
1 3 3 0 3 3 0.00223490670529
1 3 3 1 3 3 1.21886867247
1 3 3 3 0 3 -0.000446981341059
1 3 3 3 1 3 -0.243773734494
1 3 3 3 3 0 -0.00178792536423
1 3 3 3 3 1 -0.975094937977
1 3 3 3 3 4 0.000644820708738
1 3 3 3 4 3 0.000161205177185
1 3 3 4 3 3 -0.000806025885923
1 3 4 0 3 0 1.99918942003e-05
1 3 4 0 3 1 -7.32207088226e-05
1 3 4 0 4 3 0.000446981341058
1 3 4 1 3 0 7.70688138926e-05
1 3 4 1 3 4 2.00174572806e-05
1 3 4 1 4 3 0.243773734494
1 3 4 3 0 1 3.66103544113e-05
1 3 4 3 1 0 -3.85344069463e-05
1 3 4 3 1 4 -1.00087286403e-05
1 3 4 3 4 0 -0.000900475587384
1 3 4 3 4 1 -0.493745580794
1 3 4 3 4 4 0.000485170279876
1 3 4 4 0 3 0.000446981341058
1 3 4 4 1 3 0.243773734494
1 3 4 4 3 0 -0.000880936871584
1 3 4 4 3 1 -0.475151245378
1 3 4 4 4 3 -0.000322410354369
1 4 0 0 0 1 -0.001699474828
1 4 0 0 1 0 -0.00301692276154
1 4 0 0 1 1 -0.00012150909982
1 4 0 0 1 4 -1.46954515903e-05
1 4 0 0 4 1 -1.92994667748e-05
1 4 0 1 0 0 0.0047338523298
1 4 0 1 0 1 4.38273687993e-05
1 4 0 1 0 4 1.73527889077e-05
1 4 0 4 0 0 -1.08072527428e-05
1 4 0 4 0 1 -1.88231774834e-05
1 4 1 0 0 1 0.000283237543158
1 4 1 0 1 0 -0.000296928388101
1 4 1 0 1 1 -0.00387874487883
1 4 1 0 1 4 7.70924707245e-05
1 4 1 1 0 0 -0.000260650325241
1 4 1 1 0 4 -1.96668316352e-05
1 4 1 1 1 0 0.00595976590773
1 4 1 1 1 4 1.67322174737e-05
1 4 1 4 1 1 -2.55680549923e-05
1 4 2 0 0 2 0.000282239244473
1 4 2 0 1 2 -0.00302428080132
1 4 2 0 2 0 -0.000282239244473
1 4 2 0 2 1 -0.000853947786161
1 4 2 1 0 2 0.000853947786161
1 4 2 1 2 0 0.00302428080132
1 4 2 1 4 2 2.00174572806e-05
1 4 2 2 0 0 -0.000282239244473
1 4 2 2 0 1 -0.000853947786161
1 4 2 2 1 0 0.00302428080132
1 4 2 2 4 1 -2.00174572806e-05
1 4 2 4 2 1 -2.00174572806e-05
1 4 3 0 0 3 0.000282239244473
1 4 3 0 1 3 -0.00302428080132
1 4 3 0 3 0 -0.000282239244473
1 4 3 0 3 1 -0.000853947786161
1 4 3 1 0 3 0.000853947786162
1 4 3 1 3 0 0.00302428080132
1 4 3 1 4 3 2.00174572806e-05
1 4 3 3 0 0 -0.000282239244473
1 4 3 3 0 1 -0.000853947786161
1 4 3 3 1 0 0.00302428080132
1 4 3 3 4 1 -2.00174572806e-05
1 4 3 4 3 1 -2.00174572806e-05
1 4 4 0 0 1 3.92515347251e-05
1 4 4 0 1 0 2.55019012117e-05
1 4 4 0 4 0 -0.000260991381325
1 4 4 0 4 1 -0.000922858779105
1 4 4 0 4 4 1.34140799111e-05
1 4 4 1 0 0 -0.000127590469177
1 4 4 1 4 0 0.00310080454532
1 4 4 1 4 4 3.51744140582e-05
1 4 4 4 0 0 -0.000278814946821
1 4 4 4 0 1 -0.000835496366654
1 4 4 4 1 0 0.00291120683243
1 4 4 4 4 0 -1.538793565e-05
1 4 4 4 4 1 -4.6454486091e-05
2 0 0 0 0 2 -1.95014130156
2 0 0 0 1 2 -0.00089396268212
2 0 0 0 2 0 -0.487529301177
2 0 0 0 2 1 -0.0203657296136
2 0 0 0 2 4 -0.0026314144928
2 0 0 0 4 2 -0.000853108606163
2 0 0 1 0 2 -0.00089396268212
2 0 0 1 2 0 -0.000445314904009
2 0 0 1 2 4 0.000251438928267
2 0 0 2 0 0 2.43766457853
2 0 0 2 0 1 0.0420724032503
2 0 0 2 0 4 0.00654249189485
2 0 0 2 1 0 0.000890629808018
2 0 0 2 1 4 -0.000502877856534
2 0 0 2 4 0 0.000855300853677
2 0 0 2 4 1 -0.000776752544558
2 0 0 2 4 4 -0.00226773400364
2 0 0 4 0 2 -0.000853108606163
2 0 0 4 2 0 -0.000427650426838
2 0 0 4 2 1 0.000388376272279
2 0 0 4 2 4 0.00113386700182
2 0 1 0 1 2 -0.975070650781
2 0 1 0 2 0 -2.15086704885e-05
2 0 1 0 2 1 -0.487535675808
2 0 1 0 2 4 0.0123992202375
2 0 1 1 0 2 -0.975070650781
2 0 1 1 1 2 -0.00178792536424
2 0 1 1 2 0 0.477131237957
2 0 1 1 2 1 -0.000445215510372
2 0 1 1 2 4 0.00133244736046
2 0 1 1 4 2 -0.000853108606163
2 0 1 2 0 0 4.30173409769e-05
2 0 1 2 0 1 0.975071351615
2 0 1 2 0 4 -0.0247984404749
2 0 1 2 1 0 0.508343500258
2 0 1 2 1 1 0.00223137504392
2 0 1 2 1 4 -0.00138523181168
2 0 1 2 4 0 0.000819753490736
2 0 1 2 4 1 0.000853947786161
2 0 1 2 4 4 -0.000256570892806
2 0 1 4 1 2 -0.000853108606163
2 0 1 4 2 0 -0.000409876745368
2 0 1 4 2 1 -0.00042697389308
2 0 1 4 2 4 0.000128285446403
2 0 2 0 2 2 -1.95014130156
2 0 2 1 2 2 -0.00178792536424
2 0 2 2 0 2 0.975070650781
2 0 2 2 1 2 0.00089396268212
2 0 2 2 2 0 0.975070650781
2 0 2 2 2 1 0.00089396268212
2 0 2 2 2 4 0.000853108606163
2 0 2 2 4 2 0.000853108606163
2 0 2 4 2 2 -0.00170621721233
2 0 3 0 3 2 -0.975070650781
2 0 3 1 3 2 -0.00089396268212
2 0 3 2 3 0 0.487535325391
2 0 3 2 3 1 0.00044698134106
2 0 3 2 3 4 0.000426554303081
2 0 3 3 0 2 -0.975070650781
2 0 3 3 1 2 -0.00089396268212
2 0 3 3 2 0 0.487535325391
2 0 3 3 2 1 0.00044698134106
2 0 3 3 2 4 0.000426554303081
2 0 3 3 4 2 -0.000853108606163
2 0 3 4 3 2 -0.000853108606163
2 0 4 0 2 0 -3.93015292699e-05
2 0 4 0 4 2 -0.975070650781
2 0 4 1 4 2 -0.00089396268212
2 0 4 2 0 0 7.86030585398e-05
2 0 4 2 0 1 -1.98292998246e-05
2 0 4 2 0 4 1.13475928623e-05
2 0 4 2 1 0 1.7579940384e-05
2 0 4 2 4 0 0.527840112041
2 0 4 2 4 1 0.000788887989716
2 0 4 2 4 4 0.00127663148173
2 0 4 4 0 2 -0.975070650781
2 0 4 4 1 2 -0.00089396268212
2 0 4 4 2 0 0.467382932065
2 0 4 4 2 1 0.000276028016732
2 0 4 4 4 2 -0.00170621721233
2 1 0 0 0 2 -0.00178792536424
2 1 0 0 1 2 -0.487547468989
2 1 0 0 2 0 -0.000445314904009
2 1 0 0 2 1 0.243753015437
2 1 0 0 2 4 -0.000164694965977
2 1 0 0 4 2 0.000322410354369
2 1 0 1 0 2 -0.487547468989
2 1 0 1 2 0 -0.487535675808
2 1 0 1 2 1 -0.0104050024256
2 1 0 1 2 4 -0.00152707028207
2 1 0 2 0 0 0.0022315738312
2 1 0 2 0 1 0.243815172609
2 1 0 2 0 4 -0.000154225599618
2 1 0 2 1 0 0.975071351615
2 1 0 2 1 1 0.0208100048512
2 1 0 2 1 4 0.00305414056414
2 1 0 2 4 0 -0.000636874941845
2 1 0 2 4 1 -0.00115465395914
2 1 0 2 4 4 -0.000397585091918
2 1 0 4 0 2 0.000322410354369
2 1 0 4 2 0 0.000318437470935
2 1 0 4 2 1 0.000577326979592
2 1 0 4 2 4 0.000198792545966
2 1 1 0 1 2 -0.00089396268212
2 1 1 0 2 1 -0.000445215510372
2 1 1 0 2 4 1.10012848809e-05
2 1 1 1 0 2 -0.00089396268212
2 1 1 1 1 2 -0.975094937978
2 1 1 1 2 0 0.000408529703163
2 1 1 1 2 4 0.00603953336332
2 1 1 1 4 2 0.000322410354369
2 1 1 2 0 1 0.000890431020743
2 1 1 2 0 4 -2.20025697618e-05
2 1 1 2 1 0 0.000523884616855
2 1 1 2 1 1 0.731324772389
2 1 1 2 1 4 -0.0125626822582
2 1 1 4 1 2 0.000322410354369
2 1 2 0 2 2 -0.00178792536424
2 1 2 1 2 2 -0.975094937978
2 1 2 2 0 2 0.00089396268212
2 1 2 2 1 2 0.487547468989
2 1 2 2 2 0 0.00089396268212
2 1 2 2 2 1 0.487547468989
2 1 2 2 2 4 -0.000322410354381
2 1 2 2 4 2 -0.000322410354369
2 1 2 4 2 2 0.000644820708751
2 1 3 0 3 2 -0.00089396268212
2 1 3 1 3 2 -0.487547468989
2 1 3 2 3 0 0.00044698134106
2 1 3 2 3 1 0.243773734494
2 1 3 2 3 4 -0.000161205177191
2 1 3 3 0 2 -0.00089396268212
2 1 3 3 1 2 -0.487547468989
2 1 3 3 2 0 0.00044698134106
2 1 3 3 2 1 0.243773734494
2 1 3 3 2 4 -0.000161205177191
2 1 3 3 4 2 0.000322410354369
2 1 3 4 3 2 0.000322410354369
2 1 4 0 2 1 3.66103544113e-05
2 1 4 0 4 2 -0.00089396268212
2 1 4 1 2 0 -3.85344069462e-05
2 1 4 1 2 4 -1.00087286403e-05
2 1 4 1 4 2 -0.487547468989
2 1 4 2 0 0 1.99918942002e-05
2 1 4 2 0 1 -7.32207088226e-05
2 1 4 2 1 0 7.70688138925e-05
2 1 4 2 1 4 2.00174572806e-05
2 1 4 2 4 0 0.000460007151593
2 1 4 2 4 1 0.256169958105
2 1 4 2 4 4 -0.000486725028205
2 1 4 4 0 2 -0.00089396268212
2 1 4 4 1 2 -0.487547468989
2 1 4 4 2 0 0.000440468435793
2 1 4 4 2 1 0.237575622689
2 1 4 4 4 2 0.000644820708739
2 2 0 0 2 2 -0.48754639961
2 2 0 0 3 3 -0.48754639962
2 2 0 2 0 2 -0.48754639961
2 2 0 2 2 0 0.975070650781
2 2 0 2 2 1 0.0208098565238
2 2 0 2 2 4 0.00305531172695
2 2 0 3 0 3 -0.48754639962
2 2 0 3 3 0 0.9750706508
2 2 0 3 3 1 0.0208098565241
2 2 0 3 3 4 0.00305531172702
2 2 1 1 2 2 -0.48754639961
2 2 1 1 3 3 -0.48754639962
2 2 1 2 1 2 -0.48754639961
2 2 1 2 2 0 3.96002465715e-05
2 2 1 2 2 1 0.487547468989
2 2 1 2 2 4 -0.0123985499515
2 2 1 3 1 3 -0.48754639962
2 2 1 3 3 0 3.96002465723e-05
2 2 1 3 3 1 0.487547468998
2 2 1 3 3 4 -0.0123985499518
2 2 2 2 3 3 -0.48754639962
2 2 2 3 2 3 -0.48754639962
2 2 3 2 3 2 -0.48754639961
2 2 3 3 2 2 -0.48754639961
2 2 4 2 2 0 7.77665158899e-05
2 2 4 2 2 4 2.107906103e-05
2 2 4 2 4 2 -0.48754639961
2 2 4 3 3 0 7.77665158937e-05
2 2 4 3 3 4 2.10790610306e-05
2 2 4 3 4 3 -0.48754639962
2 2 4 4 2 2 -0.48754639961
2 2 4 4 3 3 -0.48754639962
2 4 0 0 0 2 -0.00170621721233
2 4 0 0 1 2 0.000322410354369
2 4 0 0 2 0 -0.000427650426838
2 4 0 0 2 1 -0.000180106901782
2 4 0 0 4 2 -2.107906103e-05
2 4 0 1 0 2 0.000322410354369
2 4 0 1 2 0 0.000318437470935
2 4 0 2 0 0 0.00213496376292
2 4 0 2 0 1 -0.000123401728009
2 4 0 2 0 4 2.23915067896e-05
2 4 0 2 1 0 -0.000636874941845
2 4 0 2 1 1 -1.26683168157e-05
2 4 0 2 4 0 1.13475928623e-05
2 4 0 4 0 2 -2.107906103e-05
2 4 1 0 1 2 -0.000853108606163
2 4 1 0 2 1 -0.00042697389308
2 4 1 0 2 4 1.1000366813e-05
2 4 1 1 0 2 -0.000853108606163
2 4 1 1 1 2 0.000644820708739
2 4 1 1 2 0 0.000471372047994
2 4 1 1 4 2 -2.107906103e-05
2 4 1 2 0 1 0.000853947786161
2 4 1 2 0 4 -2.20007336259e-05
2 4 1 2 1 0 0.000336918813257
2 4 1 2 1 1 -0.000488451801809
2 4 1 2 1 4 2.31998594961e-05
2 4 1 2 4 1 2.00174572806e-05
2 4 1 4 1 2 -2.107906103e-05
2 4 1 4 2 1 -1.00087189805e-05
2 4 2 0 2 2 -0.00170621721233
2 4 2 1 2 2 0.000644820708751
2 4 2 2 0 2 0.000853108606163
2 4 2 2 1 2 -0.000322410354369
2 4 2 2 2 0 0.000853108606163
2 4 2 2 2 1 -0.000322410354381
2 4 2 2 2 4 2.10790417105e-05
2 4 2 2 4 2 2.107906103e-05
2 4 2 4 2 2 -4.21581027405e-05
2 4 3 0 3 2 -0.000853108606163
2 4 3 1 3 2 0.000322410354369
2 4 3 2 3 0 0.000426554303081
2 4 3 2 3 1 -0.000161205177191
2 4 3 2 3 4 1.05395208552e-05
2 4 3 3 0 2 -0.000853108606163
2 4 3 3 1 2 0.000322410354369
2 4 3 3 2 0 0.000426554303081
2 4 3 3 2 1 -0.000161205177191
2 4 3 3 2 4 1.05395208552e-05
2 4 3 3 4 2 -2.107906103e-05
2 4 3 4 3 2 -2.107906103e-05
2 4 4 0 2 0 6.37952345887e-05
2 4 4 0 4 2 -0.000853108606163
2 4 4 1 4 2 0.000322410354369
2 4 4 2 0 0 -0.000127590469177
2 4 4 2 0 1 1.160668279e-05
2 4 4 2 4 0 0.000504181978319
2 4 4 2 4 1 -0.000167433996481
2 4 4 2 4 4 4.24116538023e-05
2 4 4 4 0 2 -0.000853108606163
2 4 4 4 1 2 0.000322410354369
2 4 4 4 2 0 0.000387740465463
2 4 4 4 2 1 -0.000158090767546
2 4 4 4 4 2 -4.215812206e-05
3 0 0 0 0 3 -1.95014130156
3 0 0 0 1 3 -0.000893962682117
3 0 0 0 3 0 -0.487529301177
3 0 0 0 3 1 -0.0203657296135
3 0 0 0 3 4 -0.00263141449282
3 0 0 0 4 3 -0.000853108606164
3 0 0 1 0 3 -0.000893962682117
3 0 0 1 3 0 -0.000445314904008
3 0 0 1 3 4 0.000251438928267
3 0 0 3 0 0 2.43766457852
3 0 0 3 0 1 0.0420724032502
3 0 0 3 0 4 0.00654249189488
3 0 0 3 1 0 0.000890629808015
3 0 0 3 1 4 -0.000502877856533
3 0 0 3 4 0 0.000855300853678
3 0 0 3 4 1 -0.000776752544558
3 0 0 3 4 4 -0.00226773400364
3 0 0 4 0 3 -0.000853108606164
3 0 0 4 3 0 -0.000427650426839
3 0 0 4 3 1 0.000388376272279
3 0 0 4 3 4 0.00113386700182
3 0 1 0 1 3 -0.97507065078
3 0 1 0 3 0 -2.15086704885e-05
3 0 1 0 3 1 -0.487535675807
3 0 1 0 3 4 0.0123992202375
3 0 1 1 0 3 -0.97507065078
3 0 1 1 1 3 -0.00178792536423
3 0 1 1 3 0 0.477131237956
3 0 1 1 3 1 -0.00044521551037
3 0 1 1 3 4 0.00133244736046
3 0 1 1 4 3 -0.000853108606164
3 0 1 3 0 0 4.30173409768e-05
3 0 1 3 0 1 0.975071351614
3 0 1 3 0 4 -0.0247984404749
3 0 1 3 1 0 0.508343500258
3 0 1 3 1 1 0.00223137504392
3 0 1 3 1 4 -0.00138523181168
3 0 1 3 4 0 0.000819753490736
3 0 1 3 4 1 0.000853947786162
3 0 1 3 4 4 -0.000256570892806
3 0 1 4 1 3 -0.000853108606164
3 0 1 4 3 0 -0.000409876745368
3 0 1 4 3 1 -0.000426973893081
3 0 1 4 3 4 0.000128285446403
3 0 2 0 2 3 -0.97507065078
3 0 2 1 2 3 -0.000893962682117
3 0 2 2 0 3 -0.97507065078
3 0 2 2 1 3 -0.000893962682117
3 0 2 2 3 0 0.48753532539
3 0 2 2 3 1 0.000446981341059
3 0 2 2 3 4 0.000426554303082
3 0 2 2 4 3 -0.000853108606164
3 0 2 3 2 0 0.48753532539
3 0 2 3 2 1 0.000446981341059
3 0 2 3 2 4 0.000426554303082
3 0 2 4 2 3 -0.000853108606164
3 0 3 0 3 3 -1.95014130156
3 0 3 1 3 3 -0.00178792536423
3 0 3 3 0 3 0.97507065078
3 0 3 3 1 3 0.000893962682117
3 0 3 3 3 0 0.97507065078
3 0 3 3 3 1 0.000893962682117
3 0 3 3 3 4 0.000853108606164
3 0 3 3 4 3 0.000853108606164
3 0 3 4 3 3 -0.00170621721233
3 0 4 0 3 0 -3.930152927e-05
3 0 4 0 4 3 -0.97507065078
3 0 4 1 4 3 -0.000893962682117
3 0 4 3 0 0 7.86030585399e-05
3 0 4 3 0 1 -1.98292998246e-05
3 0 4 3 0 4 1.13475928623e-05
3 0 4 3 1 0 1.7579940384e-05
3 0 4 3 4 0 0.527840112041
3 0 4 3 4 1 0.000788887989714
3 0 4 3 4 4 0.00127663148173
3 0 4 4 0 3 -0.97507065078
3 0 4 4 1 3 -0.000893962682117
3 0 4 4 3 0 0.467382932065
3 0 4 4 3 1 0.000276028016731
3 0 4 4 4 3 -0.00170621721233
3 1 0 0 0 3 -0.00178792536423
3 1 0 0 1 3 -0.487547468989
3 1 0 0 3 0 -0.000445314904008
3 1 0 0 3 1 0.243753015437
3 1 0 0 3 4 -0.000164694965977
3 1 0 0 4 3 0.000322410354369
3 1 0 1 0 3 -0.487547468989
3 1 0 1 3 0 -0.487535675807
3 1 0 1 3 1 -0.0104050024256
3 1 0 1 3 4 -0.00152707028208
3 1 0 3 0 0 0.00223157383119
3 1 0 3 0 1 0.243815172608
3 1 0 3 0 4 -0.000154225599618
3 1 0 3 1 0 0.975071351614
3 1 0 3 1 1 0.0208100048512
3 1 0 3 1 4 0.00305414056415
3 1 0 3 4 0 -0.000636874941845
3 1 0 3 4 1 -0.00115465395914
3 1 0 3 4 4 -0.000397585091918
3 1 0 4 0 3 0.000322410354369
3 1 0 4 3 0 0.000318437470934
3 1 0 4 3 1 0.000577326979592
3 1 0 4 3 4 0.000198792545966
3 1 1 0 1 3 -0.000893962682117
3 1 1 0 3 1 -0.00044521551037
3 1 1 0 3 4 1.10012848808e-05
3 1 1 1 0 3 -0.000893962682117
3 1 1 1 1 3 -0.975094937977
3 1 1 1 3 0 0.000408529703161
3 1 1 1 3 4 0.00603953336331
3 1 1 1 4 3 0.000322410354369
3 1 1 3 0 1 0.00089043102074
3 1 1 3 0 4 -2.20025697617e-05
3 1 1 3 1 0 0.000523884616853
3 1 1 3 1 1 0.731324772388
3 1 1 3 1 4 -0.0125626822582
3 1 1 4 1 3 0.000322410354369
3 1 2 0 2 3 -0.000893962682117
3 1 2 1 2 3 -0.487547468989
3 1 2 2 0 3 -0.000893962682117
3 1 2 2 1 3 -0.487547468989
3 1 2 2 3 0 0.000446981341059
3 1 2 2 3 1 0.243773734494
3 1 2 2 3 4 -0.000161205177191
3 1 2 2 4 3 0.000322410354369
3 1 2 3 2 0 0.000446981341059
3 1 2 3 2 1 0.243773734494
3 1 2 3 2 4 -0.000161205177191
3 1 2 4 2 3 0.000322410354369
3 1 3 0 3 3 -0.00178792536423
3 1 3 1 3 3 -0.975094937977
3 1 3 3 0 3 0.000893962682117
3 1 3 3 1 3 0.487547468989
3 1 3 3 3 0 0.000893962682117
3 1 3 3 3 1 0.487547468989
3 1 3 3 3 4 -0.000322410354381
3 1 3 3 4 3 -0.000322410354369
3 1 3 4 3 3 0.00064482070875
3 1 4 0 3 1 3.66103544113e-05
3 1 4 0 4 3 -0.000893962682117
3 1 4 1 3 0 -3.85344069463e-05
3 1 4 1 3 4 -1.00087286403e-05
3 1 4 1 4 3 -0.487547468989
3 1 4 3 0 0 1.99918942003e-05
3 1 4 3 0 1 -7.32207088226e-05
3 1 4 3 1 0 7.70688138926e-05
3 1 4 3 1 4 2.00174572806e-05
3 1 4 3 4 0 0.000460007151592
3 1 4 3 4 1 0.256169958105
3 1 4 3 4 4 -0.000486725028204
3 1 4 4 0 3 -0.000893962682117
3 1 4 4 1 3 -0.487547468989
3 1 4 4 3 0 0.000440468435792
3 1 4 4 3 1 0.237575622689
3 1 4 4 4 3 0.000644820708738
3 3 0 0 2 2 -0.48754639962
3 3 0 0 3 3 -0.48754639961
3 3 0 2 0 2 -0.48754639962
3 3 0 2 2 0 0.9750706508
3 3 0 2 2 1 0.0208098565242
3 3 0 2 2 4 0.00305531172701
3 3 0 3 0 3 -0.48754639961
3 3 0 3 3 0 0.97507065078
3 3 0 3 3 1 0.0208098565237
3 3 0 3 3 4 0.00305531172696
3 3 1 1 2 2 -0.48754639962
3 3 1 1 3 3 -0.48754639961
3 3 1 2 1 2 -0.48754639962
3 3 1 2 2 0 3.96002465723e-05
3 3 1 2 2 1 0.487547468998
3 3 1 2 2 4 -0.0123985499518
3 3 1 3 1 3 -0.48754639961
3 3 1 3 3 0 3.96002465713e-05
3 3 1 3 3 1 0.487547468989
3 3 1 3 3 4 -0.0123985499515
3 3 2 2 3 3 -0.48754639961
3 3 2 3 2 3 -0.48754639961
3 3 3 2 3 2 -0.48754639962
3 3 3 3 2 2 -0.48754639962
3 3 4 2 2 0 7.77665158937e-05
3 3 4 2 2 4 2.10790610306e-05
3 3 4 2 4 2 -0.48754639962
3 3 4 3 3 0 7.776651589e-05
3 3 4 3 3 4 2.107906103e-05
3 3 4 3 4 3 -0.48754639961
3 3 4 4 2 2 -0.48754639962
3 3 4 4 3 3 -0.48754639961
3 4 0 0 0 3 -0.00170621721233
3 4 0 0 1 3 0.000322410354369
3 4 0 0 3 0 -0.000427650426839
3 4 0 0 3 1 -0.000180106901782
3 4 0 0 4 3 -2.107906103e-05
3 4 0 1 0 3 0.000322410354369
3 4 0 1 3 0 0.000318437470934
3 4 0 3 0 0 0.00213496376292
3 4 0 3 0 1 -0.000123401728009
3 4 0 3 0 4 2.23915067896e-05
3 4 0 3 1 0 -0.000636874941845
3 4 0 3 1 1 -1.26683168157e-05
3 4 0 3 4 0 1.13475928623e-05
3 4 0 4 0 3 -2.107906103e-05
3 4 1 0 1 3 -0.000853108606164
3 4 1 0 3 1 -0.000426973893081
3 4 1 0 3 4 1.1000366813e-05
3 4 1 1 0 3 -0.000853108606164
3 4 1 1 1 3 0.000644820708738
3 4 1 1 3 0 0.000471372047994
3 4 1 1 4 3 -2.107906103e-05
3 4 1 3 0 1 0.000853947786162
3 4 1 3 0 4 -2.20007336259e-05
3 4 1 3 1 0 0.000336918813257
3 4 1 3 1 1 -0.000488451801809
3 4 1 3 1 4 2.31998594961e-05
3 4 1 3 4 1 2.00174572806e-05
3 4 1 4 1 3 -2.107906103e-05
3 4 1 4 3 1 -1.00087189805e-05
3 4 2 0 2 3 -0.000853108606164
3 4 2 1 2 3 0.000322410354369
3 4 2 2 0 3 -0.000853108606164
3 4 2 2 1 3 0.000322410354369
3 4 2 2 3 0 0.000426554303082
3 4 2 2 3 1 -0.000161205177191
3 4 2 2 3 4 1.05395208552e-05
3 4 2 2 4 3 -2.107906103e-05
3 4 2 3 2 0 0.000426554303082
3 4 2 3 2 1 -0.000161205177191
3 4 2 3 2 4 1.05395208552e-05
3 4 2 4 2 3 -2.107906103e-05
3 4 3 0 3 3 -0.00170621721233
3 4 3 1 3 3 0.00064482070875
3 4 3 3 0 3 0.000853108606164
3 4 3 3 1 3 -0.000322410354369
3 4 3 3 3 0 0.000853108606164
3 4 3 3 3 1 -0.000322410354381
3 4 3 3 3 4 2.10790417105e-05
3 4 3 3 4 3 2.107906103e-05
3 4 3 4 3 3 -4.21581027405e-05
3 4 4 0 3 0 6.37952345887e-05
3 4 4 0 4 3 -0.000853108606164
3 4 4 1 4 3 0.000322410354369
3 4 4 3 0 0 -0.000127590469177
3 4 4 3 0 1 1.160668279e-05
3 4 4 3 4 0 0.00050418197832
3 4 4 3 4 1 -0.000167433996481
3 4 4 3 4 4 4.24116538023e-05
3 4 4 4 0 3 -0.000853108606164
3 4 4 4 1 3 0.000322410354369
3 4 4 4 3 0 0.000387740465463
3 4 4 4 3 1 -0.000158090767545
3 4 4 4 4 3 -4.215812206e-05
4 0 0 0 0 1 0.00130909266924
4 0 0 0 0 4 -1.77304031003e-05
4 0 0 0 1 0 0.000315361196412
4 0 0 0 1 1 1.51249108282e-05
4 0 0 1 0 0 -0.00158758179447
4 0 0 1 0 1 -2.52676627682e-05
4 0 0 4 0 0 2.0886460709e-05
4 0 1 0 0 1 0.000855623742324
4 0 1 0 0 4 -2.17613925904e-05
4 0 1 0 1 0 -0.000727334614897
4 0 1 0 1 1 0.000962358711912
4 0 1 0 1 4 -3.03454865361e-05
4 0 1 1 0 0 -0.000948416247384
4 0 1 1 0 4 1.14263696369e-05
4 0 1 1 1 0 -0.000652307574451
4 0 1 1 1 4 -1.32309616645e-05
4 0 1 1 4 0 1.43723440119e-05
4 0 1 4 1 1 1.20065150402e-05
4 0 2 0 0 2 0.000855300853677
4 0 2 0 1 2 0.0003199844598
4 0 2 0 2 0 -0.000855300853677
4 0 2 0 2 1 0.000636874941845
4 0 2 0 2 4 -1.13475928623e-05
4 0 2 1 0 2 -0.000636874941845
4 0 2 1 2 0 -0.0003199844598
4 0 2 2 0 0 -0.000855300853677
4 0 2 2 0 1 0.000636874941845
4 0 2 2 0 4 -1.13475928623e-05
4 0 2 2 1 0 -0.0003199844598
4 0 2 4 0 2 1.13475928623e-05
4 0 3 0 0 3 0.000855300853678
4 0 3 0 1 3 0.000319984459799
4 0 3 0 3 0 -0.000855300853677
4 0 3 0 3 1 0.000636874941845
4 0 3 0 3 4 -1.13475928623e-05
4 0 3 1 0 3 -0.000636874941845
4 0 3 1 3 0 -0.0003199844598
4 0 3 3 0 0 -0.000855300853677
4 0 3 3 0 1 0.000636874941845
4 0 3 3 0 4 -1.13475928623e-05
4 0 3 3 1 0 -0.0003199844598
4 0 3 4 0 3 1.13475928623e-05
4 0 4 0 0 1 1.26954739214e-05
4 0 4 0 1 0 -4.12677232979e-05
4 0 4 0 4 0 -0.000863166645254
4 0 4 0 4 1 0.000649287179929
4 0 4 0 4 4 -2.09895548656e-05
4 0 4 1 4 0 -0.000343655984897
4 0 4 1 4 4 -1.18339335877e-05
4 0 4 4 0 0 -0.0007762915659
4 0 4 4 0 1 0.000618439571861
4 0 4 4 1 0 -0.000302580816231
4 0 4 4 4 0 1.83073079404e-05
4 1 0 0 0 1 0.00605698234695
4 1 0 0 0 4 -1.32070712397e-05
4 1 0 0 1 0 0.000855623742324
4 1 0 0 1 1 4.38273687993e-05
4 1 0 1 0 0 -0.00689515134902
4 1 0 1 0 1 -0.00012150909982
4 1 0 1 0 4 -4.00989553665e-05
4 1 0 4 0 0 1.22053023152e-05
4 1 1 0 0 1 0.000283237543147
4 1 1 0 1 0 -0.000260650325231
4 1 1 0 1 1 0.00387926117018
4 1 1 0 1 4 -2.99206188968e-05
4 1 1 1 0 0 -0.00029692838809
4 1 1 1 0 4 6.68386834629e-05
4 1 1 1 1 0 -0.00179669126723
4 1 1 1 1 4 -3.40747900788e-05
4 1 1 4 1 1 2.57326062086e-05
4 1 2 0 0 2 0.000282239244462
4 1 2 0 1 2 0.000853947786161
4 1 2 0 2 0 -0.000282239244462
4 1 2 0 2 1 0.00302428080132
4 1 2 1 0 2 -0.00302428080132
4 1 2 1 2 0 -0.000853947786161
4 1 2 1 2 4 -2.00174572806e-05
4 1 2 2 0 0 -0.000282239244462
4 1 2 2 0 1 0.00302428080132
4 1 2 2 1 0 -0.000853947786161
4 1 2 2 1 4 -2.00174572806e-05
4 1 2 4 1 2 2.00174572806e-05
4 1 3 0 0 3 0.000282239244462
4 1 3 0 1 3 0.000853947786162
4 1 3 0 3 0 -0.000282239244462
4 1 3 0 3 1 0.00302428080132
4 1 3 1 0 3 -0.00302428080132
4 1 3 1 3 0 -0.000853947786161
4 1 3 1 3 4 -2.00174572806e-05
4 1 3 3 0 0 -0.000282239244462
4 1 3 3 0 1 0.00302428080132
4 1 3 3 1 0 -0.000853947786161
4 1 3 3 1 4 -2.00174572806e-05
4 1 3 4 1 3 2.00174572806e-05
4 1 4 0 0 1 3.92515347266e-05
4 1 4 0 1 0 -0.000127590469177
4 1 4 0 4 0 -0.00027881494681
4 1 4 0 4 1 0.00304273222082
4 1 4 0 4 4 -1.18339335877e-05
4 1 4 1 0 0 2.55019012117e-05
4 1 4 1 4 0 -0.000967021755046
4 1 4 1 4 4 -3.02889589172e-05
4 1 4 4 0 0 -0.000260991381314
4 1 4 4 0 1 0.00295536980837
4 1 4 4 1 0 -0.000777424042159
4 2 0 0 0 2 0.000853108606163
4 2 0 0 1 2 -0.000161205177185
4 2 0 0 2 0 0.000855300853677
4 2 0 0 2 1 0.000360213803551
4 2 0 0 4 2 1.05395305149e-05
4 2 0 1 0 2 -0.000161205177185
4 2 0 1 2 0 -0.000636874941845
4 2 0 1 2 1 -1.26683168157e-05
4 2 0 2 0 0 -0.00170731333608
4 2 0 2 0 1 0.000303508629778
4 2 0 2 0 4 -2.70050539972e-05
4 2 0 2 1 0 0.000318437470923
4 2 0 4 0 2 1.05395305149e-05
4 2 0 4 2 0 1.13475928623e-05
4 2 1 0 1 2 0.000426554303081
4 2 1 0 2 1 0.000853947786161
4 2 1 0 2 4 -2.20007336259e-05
4 2 1 1 0 2 0.000426554303081
4 2 1 1 1 2 -0.000322410354369
4 2 1 1 2 0 -0.000942744095988
4 2 1 1 4 2 1.05395305149e-05
4 2 1 2 0 1 -0.00042697389308
4 2 1 2 0 4 1.1000366813e-05
4 2 1 2 1 0 -0.000808290861251
4 2 1 2 1 1 0.000486033666679
4 2 1 2 1 4 -2.74092303505e-05
4 2 1 2 4 1 -1.00087286402e-05
4 2 1 4 1 2 1.05395305149e-05
4 2 1 4 2 1 2.00174572806e-05
4 2 2 0 2 2 0.00213277151541
4 2 2 1 2 2 -0.000806025885923
4 2 2 2 0 2 -0.000426554303081
4 2 2 2 1 2 0.000161205177185
4 2 2 2 2 0 -0.00170621721233
4 2 2 2 2 1 0.000644820708739
4 2 2 2 2 4 -4.215812206e-05
4 2 2 2 4 2 -1.05395305151e-05
4 2 2 4 2 2 5.26976525749e-05
4 2 3 0 3 2 0.000426554303081
4 2 3 1 3 2 -0.000161205177185
4 2 3 2 3 0 -0.000853108606163
4 2 3 2 3 1 0.000322410354369
4 2 3 2 3 4 -2.107906103e-05
4 2 3 3 0 2 0.000426554303081
4 2 3 3 1 2 -0.000161205177185
4 2 3 3 2 0 -0.000853108606163
4 2 3 3 2 1 0.000322410354369
4 2 3 3 2 4 -2.107906103e-05
4 2 3 3 4 2 1.05395305149e-05
4 2 3 4 3 2 1.05395305149e-05
4 2 4 0 2 0 -0.000127590469177
4 2 4 0 2 1 1.160668279e-05
4 2 4 0 4 2 0.000426554303081
4 2 4 1 4 2 -0.000161205177185
4 2 4 2 0 0 6.37952345887e-05
4 2 4 2 4 0 -0.000891922443782
4 2 4 2 4 1 0.000325524764015
4 2 4 2 4 4 -3.70151275033e-05
4 2 4 4 0 2 0.000426554303081
4 2 4 4 1 2 -0.000161205177185
4 2 4 4 2 0 -0.000775480930925
4 2 4 4 2 1 0.000316181535079
4 2 4 4 2 4 1.07930719171e-05
4 2 4 4 4 2 2.10790610298e-05
4 3 0 0 0 3 0.000853108606164
4 3 0 0 1 3 -0.000161205177185
4 3 0 0 3 0 0.000855300853678
4 3 0 0 3 1 0.000360213803551
4 3 0 0 4 3 1.05395305149e-05
4 3 0 1 0 3 -0.000161205177185
4 3 0 1 3 0 -0.000636874941845
4 3 0 1 3 1 -1.26683168157e-05
4 3 0 3 0 0 -0.00170731333608
4 3 0 3 0 1 0.000303508629778
4 3 0 3 0 4 -2.70050539972e-05
4 3 0 3 1 0 0.000318437470922
4 3 0 4 0 3 1.05395305149e-05
4 3 0 4 3 0 1.13475928623e-05
4 3 1 0 1 3 0.000426554303082
4 3 1 0 3 1 0.000853947786162
4 3 1 0 3 4 -2.20007336259e-05
4 3 1 1 0 3 0.000426554303082
4 3 1 1 1 3 -0.000322410354369
4 3 1 1 3 0 -0.000942744095989
4 3 1 1 4 3 1.05395305149e-05
4 3 1 3 0 1 -0.000426973893081
4 3 1 3 0 4 1.1000366813e-05
4 3 1 3 1 0 -0.000808290861252
4 3 1 3 1 1 0.000486033666678
4 3 1 3 1 4 -2.74092303505e-05
4 3 1 3 4 1 -1.00087286402e-05
4 3 1 4 1 3 1.05395305149e-05
4 3 1 4 3 1 2.00174572806e-05
4 3 2 0 2 3 0.000426554303082
4 3 2 1 2 3 -0.000161205177185
4 3 2 2 0 3 0.000426554303082
4 3 2 2 1 3 -0.000161205177185
4 3 2 2 3 0 -0.000853108606164
4 3 2 2 3 1 0.000322410354369
4 3 2 2 3 4 -2.107906103e-05
4 3 2 2 4 3 1.05395305149e-05
4 3 2 3 2 0 -0.000853108606164
4 3 2 3 2 1 0.000322410354369
4 3 2 3 2 4 -2.107906103e-05
4 3 2 4 2 3 1.05395305149e-05
4 3 3 0 3 3 0.00213277151541
4 3 3 1 3 3 -0.000806025885923
4 3 3 3 0 3 -0.000426554303082
4 3 3 3 1 3 0.000161205177185
4 3 3 3 3 0 -0.00170621721233
4 3 3 3 3 1 0.000644820708738
4 3 3 3 3 4 -4.215812206e-05
4 3 3 3 4 3 -1.05395305151e-05
4 3 3 4 3 3 5.26976525749e-05
4 3 4 0 3 0 -0.000127590469177
4 3 4 0 3 1 1.160668279e-05
4 3 4 0 4 3 0.000426554303082
4 3 4 1 4 3 -0.000161205177185
4 3 4 3 0 0 6.37952345887e-05
4 3 4 3 4 0 -0.000891922443783
4 3 4 3 4 1 0.000325524764014
4 3 4 3 4 4 -3.70151275034e-05
4 3 4 4 0 3 0.000426554303082
4 3 4 4 1 3 -0.000161205177185
4 3 4 4 3 0 -0.000775480930926
4 3 4 4 3 1 0.000316181535079
4 3 4 4 3 4 1.07930719171e-05
4 3 4 4 4 3 2.10790610298e-05
4 4 0 0 0 1 -0.00112448740364
4 4 0 0 0 4 -1.33127853673e-05
4 4 0 0 1 0 0.00049916607414
4 4 0 0 1 1 1.94918692268e-05
4 4 0 1 0 0 0.000499166074141
4 4 0 1 0 1 1.94918692268e-05
4 4 1 0 0 1 -0.00308661726446
4 4 1 0 0 4 7.85030694518e-05
4 4 1 0 1 0 0.00302072646134
4 4 1 1 0 0 0.00302072646134
4 4 1 1 1 0 -0.000950082497274
4 4 1 1 4 4 -1.4206481617e-05
4 4 1 4 1 4 -1.4206481617e-05
4 4 2 0 0 2 -0.00308661726446
4 4 2 0 1 2 0.000496352898703
4 4 2 0 2 0 0.00308661726446
4 4 2 0 2 1 -0.000496352898704
4 4 2 1 0 2 0.000496352898704
4 4 2 1 2 0 -0.000496352898703
4 4 2 2 0 0 0.00308661726446
4 4 2 2 0 1 -0.000496352898704
4 4 2 2 1 0 -0.000496352898703
4 4 2 2 4 4 -1.07930719171e-05
4 4 2 4 2 4 -1.07930719171e-05
4 4 2 4 4 2 1.07930719171e-05
4 4 3 0 0 3 -0.00308661726445
4 4 3 0 1 3 0.000496352898703
4 4 3 0 3 0 0.00308661726446
4 4 3 0 3 1 -0.000496352898704
4 4 3 1 0 3 0.000496352898704
4 4 3 1 3 0 -0.000496352898703
4 4 3 3 0 0 0.00308661726446
4 4 3 3 0 1 -0.000496352898704
4 4 3 3 1 0 -0.000496352898703
4 4 3 3 4 4 -1.07930719171e-05
4 4 3 4 3 4 -1.07930719171e-05
4 4 3 4 4 3 1.07930719171e-05
4 4 4 0 4 0 0.00295902679528
4 4 4 0 4 1 -0.000484746215914
4 4 4 1 4 0 -0.000486516410574
4 4 4 4 0 0 0.00295902679528
4 4 4 4 0 1 -0.000484746215914
4 4 4 4 1 0 -0.000486516410574
4 4 4 4 4 1 1.3192706641e-05
