start
42
4.000000000000000000e+00
43
2.000000000000000000e+00
52
4.916451946858603606e+01
1.048369632829303377e+01
6.231722468662619363e+00
6.227659156407615804e+00
2.425846724366510720e+00
1.763672954156741080e+00
9.945274315104679630e-01
9.730455998058863409e-01
7.689827601003291768e-01
6.119718962175654253e-01
5.898922009522017396e-01
2.469045168985656569e-01
1.473028361999522418e-01
1.451721498466879978e-01
5.144190415489769547e-02
61
3.803638344340758426e+00
2.979098067245949277e+00
2.977425510214159576e+00
2.693718601220183029e+00
1.919053337168890483e+00
1.499533232051660558e+00
1.317016089175898408e+00
9.999999999933663064e-01
9.930326890797968042e-01
9.383478521986312604e-01
8.784652070852810857e-01
6.666666666666646313e-01
6.321403674309113985e-01
4.998444106838723089e-01
4.650437906328011017e-01
2.722004236895363416e-01
3.318072220723750770e-02
2.136870069580101145e-02
1.945678099546192460e-02
1.639522363560129078e-02
1.428326614672694589e-02
7.122900229746787285e-03
5.069835475645873349e-03
2.492234614157202814e-03
6.634211323653004448e-12
62
3.940025398703826731e+00
1.037834728191219469e+00
1.000000000000339062e+00
9.999999999996538325e-01
9.930326890832433806e-01
9.930326890829028752e-01
9.564009281074080659e-01
4.999999999999984457e-01
4.998444106839785017e-01
4.998444106838077494e-01
1.414687746830213880e-02
7.134390228549145757e-03
7.122900233029843403e-03
7.122900233027400045e-03
2.026778487102747590e-04
