 Ayush Density
 one el transition density
    i    j    k    l    den1
       1   1   1   1     2.0000000000
       1   1   1   2     0.0000000000
       1   1   2   1     0.0000000000
       1   1   2   2     0.0000000000
       1   2   1   1     0.0000000000
       1   2   1   2     1.4142135624
       1   2   2   1     0.0000000000
       1   2   2   2     0.0000000000
       1   3   1   1     0.0000000000
       1   3   1   2     0.0000000000
       1   3   2   1     0.0000000000
       1   3   2   2     0.0000000000
       2   1   1   1     0.0000000000
       2   1   1   2     0.0000000000
       2   1   2   1     1.4142135624
       2   1   2   2     0.0000000000
       2   2   1   1     1.0000000000
       2   2   1   2     0.0000000000
       2   2   2   1     0.0000000000
       2   2   2   2     1.0000000000
       2   3   1   1     0.0000000000
       2   3   1   2     1.4142135624
       2   3   2   1     0.0000000000
       2   3   2   2     0.0000000000
       3   1   1   1     0.0000000000
       3   1   1   2     0.0000000000
       3   1   2   1     0.0000000000
       3   1   2   2     0.0000000000
       3   2   1   1     0.0000000000
       3   2   1   2     0.0000000000
       3   2   2   1     1.4142135624
       3   2   2   2     0.0000000000
       3   3   1   1     0.0000000000
       3   3   1   2     0.0000000000
       3   3   2   1     0.0000000000
       3   3   2   2     2.0000000000
 coeff0
                     1 -0.968415244146561     
                     2  0.000000000000000E+000
                     3  0.249342966422872     
 denisty matrix - 
                     1                     1   1.87565617019089     
                     1                     2  0.000000000000000E+000
                     2                     1  0.000000000000000E+000
                     2                     2  0.124343829809115     
