start
7
4.237443990465320809e+01
2.509061689952288887e+01
2.371209573266225590e+01
2.287792533584246968e+01
1.463259790252657488e+01
1.369760426214790172e+01
1.343960043400270088e+01
1.291408333094006800e+01
1.274415616327102008e+01
1.250349561199901771e+01
1.191290214988081253e+01
1.142964100572843478e+01
1.015035640296991737e+01
7.941830943454882608e+00
7.648757633547199397e+00
6.931751150672113226e+00
5.657800289450046982e+00
4.702421912647520408e+00
4.429456181847847063e+00
4.391392843697926374e+00
4.194045851628223964e+00
3.942556876253915377e+00
3.799393608763886210e+00
3.748917795546071741e+00
3.386942452069519938e+00
2.628840789589307114e+00
2.616544586898532199e+00
2.567846370655914257e+00
2.531866668633460993e+00
2.436368459523789110e+00
2.426692681616641423e+00
2.425905726243394067e+00
2.243460081022088382e+00
2.096347204239151107e+00
2.065361035694151415e+00
1.773631141900414043e+00
1.717290756489619818e+00
1.703075207705389671e+00
1.544868610791831687e+00
1.407214839847156451e+00
1.348098325065612446e+00
1.239353257099989669e+00
1.172064101388778035e+00
1.044148635962155014e+00
1.022634488686140930e+00
9.469754551696524247e-01
9.318795748316879290e-01
9.037156496026528263e-01
8.356141134011041416e-01
8.051433150492616209e-01
7.944613448035096059e-01
7.615136072433335013e-01
7.601931660987877315e-01
7.096799541271082701e-01
7.066505362388613154e-01
6.664520722690959742e-01
6.620217927187896922e-01
5.949401457648143543e-01
5.714702495787981062e-01
5.656819120971873227e-01
5.213904677620838646e-01
4.692555949015070338e-01
4.542691116192580925e-01
4.534414185087297100e-01
4.213952678414974451e-01
4.197853415377099662e-01
4.189464667396957664e-01
4.176491780397236786e-01
4.166666666666650198e-01
3.818678833746234069e-01
3.795946469221289088e-01
3.678879966271040303e-01
3.492197902045510727e-01
3.332296071225804845e-01
3.313144605166635781e-01
3.265106252906762041e-01
3.256623546580003636e-01
3.063750536816619019e-01
3.029886447951355977e-01
2.667081527564839072e-01
2.658016221200987239e-01
2.573365982342400993e-01
2.545163394426330772e-01
1.945153534888587887e-01
1.798156180247616476e-01
1.667626263598285530e-01
1.666822965050133998e-01
1.386924236348639206e-01
1.343803596854134530e-01
1.317207034684226286e-01
1.235458079323790703e-01
1.219712536215685345e-01
1.125465893514562138e-01
9.628023570788311891e-02
9.118190791464092504e-02
8.333333333001706478e-02
7.942702393039594022e-02
6.956318408604668380e-02
6.466735270055296025e-02
4.614334403893546183e-02
4.520189498356764340e-02
3.376599784008169070e-02
2.972593375298744622e-02
2.923784680271316119e-02
2.518490494561632237e-02
2.236314859725021392e-02
2.043942459357988434e-02
1.678578368157493395e-02
1.217805685198916112e-02
9.695219354613272486e-03
6.847146997769053278e-03
5.602975906851404356e-03
4.748600155338096943e-03
4.509735236883489345e-03
4.419595931478469998e-03
4.122024264055383636e-03
2.994468581118263015e-03
2.458215321686954991e-03
1.853682205542770897e-03
1.292849263351572965e-03
1.131687947058311475e-03
9.996612850134156420e-04
8.707101250358764179e-04
6.111591986527797806e-04
4.158423561948266524e-05
8
1.716864878729043298e+01
1.499180044607218321e+01
1.338903223525230324e+01
1.106083810649367294e+01
8.763168793452805971e+00
7.688202376572761843e+00
5.391433853474021376e+00
4.796018004961614345e+00
4.566953422064051971e+00
4.531876855120486880e+00
3.476800033369255249e+00
3.441952443343444301e+00
3.260950894871528227e+00
3.114469154523438643e+00
2.819046863835297678e+00
2.648087170869882989e+00
2.533497086578356150e+00
2.519039044231579094e+00
2.458656935379373909e+00
2.308725158385038334e+00
2.228753116905201725e+00
2.030423401080203583e+00
1.732695984647268705e+00
1.692097056692428048e+00
1.678579504350149465e+00
1.632706184797400040e+00
1.414104099121674896e+00
1.402272331921956106e+00
1.332918428490299290e+00
1.257022498831362967e+00
1.203358875768264058e+00
1.151603004361988924e+00
1.101448484454061294e+00
1.048267936624579066e+00
1.016838756000665089e+00
9.637957130820370422e-01
9.521277962825281937e-01
9.279776826974002191e-01
8.891871119327171558e-01
8.391852652328114504e-01
8.389481689199715930e-01
8.223835576433120576e-01
7.889578239362640133e-01
6.817021687124860119e-01
6.742304482876710914e-01
6.538855332680776344e-01
6.175973819708775459e-01
5.654540223087557438e-01
5.597017951599990715e-01
5.373351564887536291e-01
5.366922090717539673e-01
5.184746716060716354e-01
4.965163445337596460e-01
4.909301214585856665e-01
4.773372125841522928e-01
4.566143761760869113e-01
4.546202942119739743e-01
4.226752546068900385e-01
4.166666666666646868e-01
4.081266092240435350e-01
3.861106237160148447e-01
3.809952766826886772e-01
3.589936043978169677e-01
3.295398361995501846e-01
3.178301509468333674e-01
2.955544271521234889e-01
2.901868497763726018e-01
2.687016601357288259e-01
2.499222053419105360e-01
2.458137686569281666e-01
2.376317786790514142e-01
2.057473909248936916e-01
2.013074275511290701e-01
1.983498286119448062e-01
1.837515478730577245e-01
1.409793942528034250e-01
1.372962358406299432e-01
1.306489982113012427e-01
1.056878530368782210e-01
9.565024118489835747e-02
9.525362738281251129e-02
8.996668552241762762e-02
8.151655115318297284e-02
7.073910966703514380e-02
6.414169957672624656e-02
4.709127509368789266e-02
4.503204466286066243e-02
3.898833582914602858e-02
3.031347207235592436e-02
2.727648520448553576e-02
2.451960896350773023e-02
2.121676917643867261e-02
2.030117140834378914e-02
1.899440061906569957e-02
1.712135044225053526e-02
1.662604409506650976e-02
1.567987711862758871e-02
1.165975813846225825e-02
1.094994817314450496e-02
9.889953074632964677e-03
9.653261234318054329e-03
8.398200184619161734e-03
7.894400733496419187e-03
7.868558304261502601e-03
6.362168262931954497e-03
6.253576528025057112e-03
3.993949656801100596e-03
3.850784113468774632e-03
3.561450115475085516e-03
3.554958444401061946e-03
3.504958667777297726e-03
3.199478572999956902e-03
2.859207089615040109e-03
2.293470584157132532e-03
1.913324608715531857e-03
1.714825427880668730e-03
1.222753689248427681e-03
7.833846739230995422e-04
5.983228941354284394e-04
2.681582251491744810e-04
2.050169390592842752e-04
1.285382449374425156e-04
6.995725802463299065e-06
5.435126621847736416e-12
3.318783591746779366e-12
9
2.696309372041401886e+01
1.507207569544753056e+01
1.376979221900795736e+01
1.243608157901389433e+01
8.997094751589880701e+00
5.240688372094510328e+00
4.940874270552254366e+00
4.664266362377134989e+00
3.754913712905819434e+00
2.981654325416001949e+00
2.979098067206852996e+00
2.870943049373621214e+00
2.819837092371000775e+00
2.666666666666661634e+00
2.481135502247360236e+00
2.350781059406802154e+00
2.215972347869059167e+00
1.851130351299033139e+00
1.749603563930467010e+00
1.499533232051498244e+00
1.108861430676584714e+00
9.964319722355500231e-01
9.930326890798124584e-01
9.178308413966500545e-01
8.933024036699428461e-01
8.913022329744872962e-01
8.507810593603741811e-01
8.425211668170763391e-01
8.415993938052533929e-01
5.973504569735431646e-01
5.359189859488197039e-01
5.248666202783444090e-01
4.999999999999988898e-01
4.998444106838789147e-01
4.582580865711371465e-01
3.685147271623626652e-01
2.839981573862864761e-01
2.323159642236709010e-01
1.866575864508685234e-01
1.431566865479718398e-01
1.337528673806644974e-01
6.914132400593854533e-02
5.178651346303535241e-02
2.136870069890032739e-02
1.651525062193895735e-02
1.130371520382226873e-02
7.122900233014278597e-03
3.346408409588510179e-03
1.599813461591269607e-03
3.751708532543836260e-04
102
9.032907803846368822e+00
1.762449396470151086e+00
9.999999999999983347e-01
9.997831370709624466e-01
2.706752703052485720e-01
111
3.972130756332298507e+00
2.000000000000340172e+00
1.999999999999654055e+00
1.999377642735574057e+00
2.849160093211448516e-02
112
1.986065378166149253e+00
1.000000000000170086e+00
9.999999999998270273e-01
9.996888213677870283e-01
1.424580046605724258e-02
